%YAML:1.0
---
cameraMatrix: !!opencv-matrix
   rows: 3
   cols: 3
   dt: d
   data: [ 1.8377391572719362e+03, 0., 1.9424115812361106e+03, 0.,
       1.8370134654499288e+03, 1.0634505257649935e+03, 0., 0., 1. ]
imageSize_width: 3840
imageSize_height: 2160
sensorSize_width: 0
sensorSize_height: 0
distCoeffs: !!opencv-matrix
   rows: 5
   cols: 1
   dt: d
   data: [ 1.1402128964585275e-03, -5.2162844321018368e-03,
       -1.4330168081953740e-03, 3.0609218393542630e-03,
       2.1625107663662069e-03 ]
reprojectionError: 1.2955504655838013e-01
features:
   - [ 3.72324072e+03, 4.31988182e+01, 3.71005200e+03, 8.30869522e+01,
       3.69658350e+03, 1.22990356e+02, 3.68364844e+03, 1.62265762e+02,
       3.67054150e+03, 2.01376450e+02, 3.65782275e+03, 2.39594086e+02,
       3.64500366e+03, 2.77655182e+02, 3.67598071e+03, 4.50426674e+01,
       3.66270557e+03, 8.50807419e+01, 3.65006104e+03, 1.24303596e+02,
       3.63740161e+03, 1.63343613e+02, 3.62474927e+03, 2.01805405e+02,
       3.61221143e+03, 2.39958710e+02, 3.60030176e+03, 2.77524628e+02,
       3.62928320e+03, 4.72946548e+01, 3.61685669e+03, 8.64916000e+01,
       3.60448706e+03, 1.25496025e+02, 3.59220142e+03, 1.64294556e+02,
       3.57976660e+03, 2.02381058e+02, 3.56789282e+03, 2.40032410e+02,
       3.55577686e+03, 2.77316162e+02, 3.58392627e+03, 4.92289238e+01,
       3.57176831e+03, 8.82112579e+01, 3.56001758e+03, 1.26664566e+02,
       3.54755054e+03, 1.65220795e+02, 3.53593750e+03, 2.03120148e+02,
       3.52414990e+03, 2.40327911e+02, 3.51279932e+03, 2.76954987e+02,
       3.53887744e+03, 5.12728996e+01, 3.52751221e+03, 8.97841263e+01,
       3.51556421e+03, 1.28116043e+02, 3.50404102e+03, 1.66090454e+02,
       3.49246655e+03, 2.03515427e+02, 3.48159570e+03, 2.40288727e+02,
       3.47040063e+03, 2.76763397e+02, 3.49532544e+03, 5.31949539e+01,
       3.48344678e+03, 9.17044601e+01, 3.47252954e+03, 1.29233948e+02,
       3.46133813e+03, 1.66706802e+02, 3.45057056e+03, 2.03879639e+02,
       3.43949048e+03, 2.40559784e+02, 3.42879126e+03, 2.76505096e+02,
       3.45230493e+03, 5.51187820e+01, 3.44120044e+03, 9.29847183e+01,
       3.43031030e+03, 1.30306870e+02, 3.41971606e+03, 1.67547409e+02,
       3.40904468e+03, 2.04276443e+02, 3.39861914e+03, 2.40355057e+02,
       3.38790991e+03, 2.76453369e+02, 3.40986548e+03, 5.71426430e+01,
       3.39923096e+03, 9.43776093e+01, 3.38896997e+03, 1.31404099e+02,
       3.37830762e+03, 1.68338364e+02, 3.36793091e+03, 2.04646255e+02,
       3.35781421e+03, 2.40628372e+02, 3.34770483e+03, 2.76300781e+02,
       3.36836646e+03, 5.89150429e+01, 3.35835449e+03, 9.59037552e+01,
       3.34809961e+03, 1.32487244e+02, 3.33820654e+03, 1.69042923e+02,
       3.32780127e+03, 2.05215729e+02, 3.31804956e+03, 2.40565964e+02,
       3.30817773e+03, 2.76094452e+02, 3.32784863e+03, 6.04211617e+01,
       3.31781738e+03, 9.71034164e+01, 3.30815137e+03, 1.33468262e+02,
       3.29806421e+03, 1.69762131e+02, 3.28852271e+03, 2.05584854e+02,
       3.27884741e+03, 2.40852570e+02, 3.26928467e+03, 2.75805847e+02 ]
   - [ 3.34584180e+03, 6.31953812e+01, 3.33652295e+03, 9.95766449e+01,
       3.32679077e+03, 1.35919434e+02, 3.31680176e+03, 1.72195602e+02,
       3.30720972e+03, 2.07990906e+02, 3.29795020e+03, 2.43170273e+02,
       3.28835840e+03, 2.78194763e+02, 3.30650391e+03, 6.40952759e+01,
       3.29668286e+03, 1.00623901e+02, 3.28733325e+03, 1.36560318e+02,
       3.27777979e+03, 1.72691177e+02, 3.26857324e+03, 2.08117508e+02,
       3.25947754e+03, 2.43166443e+02, 3.25039941e+03, 2.77739197e+02,
       3.26724463e+03, 6.53595886e+01, 3.25796436e+03, 1.01443855e+02,
       3.24861816e+03, 1.37475861e+02, 3.23964551e+03, 1.72994919e+02,
       3.23051172e+03, 2.08393417e+02, 3.22164453e+03, 2.42955948e+02,
       3.21273511e+03, 2.77403748e+02, 3.22856714e+03, 6.65195847e+01,
       3.21957202e+03, 1.02552681e+02, 3.21083008e+03, 1.38161942e+02,
       3.20169897e+03, 1.73512146e+02, 3.19317261e+03, 2.08469727e+02,
       3.18435376e+03, 2.43022552e+02, 3.17580518e+03, 2.77095734e+02,
       3.19036035e+03, 6.78691559e+01, 3.18181787e+03, 1.03406456e+02,
       3.17311621e+03, 1.38768280e+02, 3.16453101e+03, 1.73888535e+02,
       3.15596802e+03, 2.08692047e+02, 3.14754932e+03, 2.42809357e+02,
       3.13921118e+03, 2.76808807e+02, 3.15295288e+03, 6.90511551e+01,
       3.14445020e+03, 1.04506821e+02, 3.13593872e+03, 1.39523132e+02,
       3.12758398e+03, 1.74448517e+02, 3.11954297e+03, 2.08895203e+02,
       3.11147607e+03, 2.42835938e+02, 3.10339160e+03, 2.76669586e+02,
       3.11583350e+03, 7.02933807e+01, 3.10775537e+03, 1.05426765e+02,
       3.09949731e+03, 1.40250275e+02, 3.09161157e+03, 1.74753860e+02,
       3.08355518e+03, 2.09078461e+02, 3.07583057e+03, 2.42808990e+02,
       3.06790283e+03, 2.76340576e+02, 3.07943042e+03, 7.14730682e+01,
       3.07142383e+03, 1.06415169e+02, 3.06365649e+03, 1.40741730e+02,
       3.05577368e+03, 1.75279129e+02, 3.04808569e+03, 2.09210602e+02,
       3.04035254e+03, 2.42712509e+02, 3.03282886e+03, 2.76029663e+02,
       3.04355493e+03, 7.24633026e+01, 3.03581836e+03, 1.07233162e+02,
       3.02825195e+03, 1.41398438e+02, 3.02054907e+03, 1.75440552e+02,
       3.01321875e+03, 2.09295227e+02, 3.00567798e+03, 2.42480743e+02,
       2.99848486e+03, 2.75709503e+02, 3.00813306e+03, 7.34750366e+01,
       3.00055859e+03, 1.07909355e+02, 2.99327563e+03, 1.42207306e+02,
       2.98582227e+03, 1.75917694e+02, 2.97863013e+03, 2.09537430e+02,
       2.97138843e+03, 2.42609650e+02, 2.96433691e+03, 2.75387360e+02 ]
   - [ 2.74876147e+03, 9.41955490e+01, 2.74361694e+03, 1.26649635e+02,
       2.73843628e+03, 1.59092453e+02, 2.73326367e+03, 1.91146317e+02,
       2.72788477e+03, 2.23136963e+02, 2.72284912e+03, 2.54369553e+02,
       2.71777612e+03, 2.85610870e+02, 2.71741016e+03, 9.44081268e+01,
       2.71218311e+03, 1.26952766e+02, 2.70710767e+03, 1.59216736e+02,
       2.70214331e+03, 1.91128601e+02, 2.69725195e+03, 2.22921280e+02,
       2.69226758e+03, 2.54231873e+02, 2.68737573e+03, 2.85257813e+02,
       2.68595728e+03, 9.47139664e+01, 2.68123657e+03, 1.27081757e+02,
       2.67621729e+03, 1.59288956e+02, 2.67139111e+03, 1.91181778e+02,
       2.66651660e+03, 2.22714371e+02, 2.66182617e+03, 2.53802322e+02,
       2.65699268e+03, 2.84897644e+02, 2.65509863e+03, 9.51950912e+01,
       2.65034497e+03, 1.27367302e+02, 2.64555664e+03, 1.59368118e+02,
       2.64072095e+03, 1.91131104e+02, 2.63626367e+03, 2.22572571e+02,
       2.63159668e+03, 2.53812363e+02, 2.62710791e+03, 2.84517395e+02,
       2.62412769e+03, 9.55337830e+01, 2.61969531e+03, 1.27510330e+02,
       2.61503857e+03, 1.59508484e+02, 2.61048853e+03, 1.91088272e+02,
       2.60614795e+03, 2.22398224e+02, 2.60162158e+03, 2.53358536e+02,
       2.59737231e+03, 2.84114563e+02, 2.59358325e+03, 9.58759079e+01,
       2.58918579e+03, 1.27968506e+02, 2.58474243e+03, 1.59542587e+02,
       2.58047974e+03, 1.91153214e+02, 2.57623584e+03, 2.22257172e+02,
       2.57189111e+03, 2.53166260e+02, 2.56774756e+03, 2.83757294e+02,
       2.56324707e+03, 9.62382965e+01, 2.55914087e+03, 1.27954903e+02,
       2.55475903e+03, 1.59620987e+02, 2.55071313e+03, 1.91049728e+02,
       2.54658569e+03, 2.22193741e+02, 2.54257788e+03, 2.52747574e+02,
       2.53847534e+03, 2.83349152e+02, 2.53309570e+03, 9.64831238e+01,
       2.52917578e+03, 1.28290298e+02, 2.52502124e+03, 1.59763504e+02,
       2.52107959e+03, 1.90937119e+02, 2.51713135e+03, 2.21870743e+02,
       2.51317822e+03, 2.52593063e+02, 2.50926343e+03, 2.82958771e+02,
       2.50333984e+03, 9.67253647e+01, 2.49942822e+03, 1.28417816e+02,
       2.49557324e+03, 1.59692642e+02, 2.49170874e+03, 1.90852570e+02,
       2.48783105e+03, 2.21744354e+02, 2.48416211e+03, 2.52239838e+02,
       2.48033838e+03, 2.82534058e+02, 2.47367700e+03, 9.71004333e+01,
       2.46990015e+03, 1.28501434e+02, 2.46636890e+03, 1.59665970e+02,
       2.46245215e+03, 1.90803116e+02, 2.45886035e+03, 2.21537857e+02,
