%YAML:1.0
---
cameraMatrix: !!opencv-matrix
   rows: 3
   cols: 3
   dt: d
   data: [ 1.8398022988249195e+03, 0., 1.9279070367353388e+03, 0.,
       1.8384612302650492e+03, 1.0750810390797155e+03, 0., 0., 1. ]
imageSize_width: 3840
imageSize_height: 2160
sensorSize_width: 0
sensorSize_height: 0
distCoeffs: !!opencv-matrix
   rows: 5
   cols: 1
   dt: d
   data: [ -5.6929386430725776e-03, 7.3753962536255782e-03,
       -3.0250277853611775e-04, 1.4813412983096940e-03,
       -3.8975802128683014e-03 ]
reprojectionError: 1.0190937519073486e+00
features:
   - [ 3.60106885e+03, 8.35714600e+02, 3.61485718e+03, 9.55507080e+02,
       3.62792188e+03, 1.07787170e+03, 3.64210742e+03, 1.20156641e+03,
       3.65513940e+03, 1.33018372e+03, 3.66926782e+03, 1.45782251e+03,
       3.68306006e+03, 1.58965393e+03, 3.44537964e+03, 8.49265747e+02,
       3.45663354e+03, 9.66245544e+02, 3.46915845e+03, 1.08620789e+03,
       3.48059106e+03, 1.20613049e+03, 3.49281982e+03, 1.33017529e+03,
       3.50472266e+03, 1.45432886e+03, 3.51718701e+03, 1.57903149e+03,
       3.29874268e+03, 8.62525330e+02, 3.30905664e+03, 9.75145630e+02,
       3.31919287e+03, 1.08990601e+03, 3.33019067e+03, 1.20978918e+03,
       3.34009033e+03, 1.32763403e+03, 3.35190234e+03, 1.44965808e+03,
       3.36151514e+03, 1.57033252e+03, 3.16071191e+03, 8.74830200e+02,
       3.16929663e+03, 9.85510925e+02, 3.17886597e+03, 1.09845935e+03,
       3.18748730e+03, 1.21019031e+03, 3.19671924e+03, 1.32604517e+03,
       3.20616968e+03, 1.44529761e+03, 3.21586719e+03, 1.56262756e+03,
       3.02973462e+03, 8.86662415e+02, 3.03792944e+03, 9.93929688e+02,
       3.04538501e+03, 1.10169031e+03, 3.05348975e+03, 1.21403882e+03,
       3.06138037e+03, 1.32592480e+03, 3.06986719e+03, 1.44055481e+03,
       3.07777319e+03, 1.55536475e+03, 2.90615723e+03, 8.97050232e+02,
       2.91315112e+03, 1.00205212e+03, 2.91943530e+03, 1.10903894e+03,
       2.92601367e+03, 1.21703833e+03, 2.93366553e+03, 1.32607117e+03,
       2.94097949e+03, 1.43730444e+03, 2.94744604e+03, 1.54947864e+03,
       2.78981909e+03, 9.08299072e+02, 2.79443457e+03, 1.00992035e+03,
       2.80082153e+03, 1.11429504e+03, 2.80640894e+03, 1.21772607e+03,
       2.81294116e+03, 1.32598022e+03, 2.81857471e+03, 1.43334045e+03,
       2.82541870e+03, 1.54196289e+03, 2.67832300e+03, 9.17579712e+02,
       2.68188745e+03, 1.01700916e+03, 2.68673071e+03, 1.11807532e+03,
       2.69255103e+03, 1.22130811e+03, 2.69818823e+03, 1.32478589e+03,
       2.70200659e+03, 1.43044983e+03, 2.70754395e+03, 1.53452625e+03,
       2.57243335e+03, 9.27766541e+02, 2.57675610e+03, 1.02417029e+03,
       2.58084546e+03, 1.12163281e+03, 2.58474707e+03, 1.22189233e+03,
       2.58959595e+03, 1.32221460e+03, 2.59400903e+03, 1.42627856e+03,
       2.59828760e+03, 1.53000330e+03, 2.46979370e+03, 9.35654907e+02,
       2.47352515e+03, 1.03074561e+03, 2.47818237e+03, 1.12540881e+03,
       2.48243188e+03, 1.22479053e+03, 2.48618652e+03, 1.32165601e+03,
       2.48969141e+03, 1.42167505e+03, 2.49309937e+03, 1.52244031e+03 ]
   - [ 3.57356641e+03, 3.76760864e+02, 3.56637769e+03, 5.08341492e+02,
       3.55823975e+03, 6.40517944e+02, 3.55021606e+03, 7.69313538e+02,
       3.54165234e+03, 8.99353394e+02, 3.53367773e+03, 1.02609583e+03,
       3.52479590e+03, 1.15412415e+03, 3.41285767e+03, 3.93023834e+02,
       3.40522192e+03, 5.21650269e+02, 3.39827173e+03, 6.50121155e+02,
       3.39041162e+03, 7.76408447e+02, 3.38283228e+03, 9.02129517e+02,
       3.37551123e+03, 1.02625769e+03, 3.36925269e+03, 1.14725903e+03,
       3.25896240e+03, 4.08406464e+02, 3.25396826e+03, 5.33055847e+02,
       3.24632202e+03, 6.57827271e+02, 3.24146631e+03, 7.82369141e+02,
       3.23406934e+03, 9.01839539e+02, 3.22802490e+03, 1.02226471e+03,
       3.22165063e+03, 1.14133411e+03, 3.11461084e+03, 4.22650787e+02,
       3.10975757e+03, 5.44532410e+02, 3.10369751e+03, 6.66160034e+02,
       3.09814014e+03, 7.86082458e+02, 3.09347607e+03, 9.05894775e+02,
       3.08686743e+03, 1.02191089e+03, 3.08229468e+03, 1.13756726e+03,
       2.97799561e+03, 4.36674591e+02, 2.97394751e+03, 5.54985229e+02,
       2.96738110e+03, 6.73716309e+02, 2.96280127e+03, 7.89944641e+02,
       2.95826367e+03, 9.05920227e+02, 2.95415332e+03, 1.02104254e+03,
       2.95000122e+03, 1.13396729e+03, 2.84618872e+03, 4.49795044e+02,
       2.84221167e+03, 5.65629944e+02, 2.83818945e+03, 6.81204529e+02,
       2.83410791e+03, 7.93732910e+02, 2.83009375e+03, 9.06370667e+02,
       2.82638428e+03, 1.01783765e+03, 2.82280371e+03, 1.13009143e+03,
       2.72223267e+03, 4.62452881e+02, 2.71886401e+03, 5.75071411e+02,
       2.71654590e+03, 6.86236938e+02, 2.71419043e+03, 7.97758301e+02,
       2.71008667e+03, 9.09702393e+02, 2.70609424e+03, 1.01816510e+03,
       2.70301074e+03, 1.12650745e+03, 2.60580713e+03, 4.74104065e+02,
       2.60190210e+03, 5.84127930e+02, 2.59890405e+03, 6.94155457e+02,
       2.59744849e+03, 8.01847168e+02, 2.59425562e+03, 9.09886597e+02,
       2.59064258e+03, 1.01655273e+03, 2.59018018e+03, 1.12218518e+03,
       2.49328052e+03, 4.85499023e+02, 2.48994214e+03, 5.93202759e+02,
       2.48908643e+03, 6.99095642e+02, 2.48614014e+03, 8.06242493e+02,
       2.48423584e+03, 9.09580566e+02, 2.48206543e+03, 1.01358496e+03,
       2.48055176e+03, 1.11824243e+03, 2.38587134e+03, 4.96090790e+02,
       2.38232397e+03, 6.00774841e+02, 2.38215015e+03, 7.06036011e+02,
       2.37945117e+03, 8.10457031e+02, 2.37794092e+03, 9.11064819e+02,
       2.37805884e+03, 1.01411584e+03, 2.37510767e+03, 1.11363232e+03 ]
   - [ 3.46053418e+03, 5.08999748e+01, 3.44157080e+03, 1.95983215e+02,
       3.42095093e+03, 3.38569305e+02, 3.40197314e+03, 4.77989655e+02,
       3.38159082e+03, 6.13702576e+02, 3.36293262e+03, 7.42687012e+02,
       3.34459741e+03, 8.69933716e+02, 3.29820117e+03, 6.82164078e+01,
       3.27933081e+03, 2.10933655e+02, 3.26233081e+03, 3.49682526e+02,
       3.24525537e+03, 4.85631195e+02, 3.22821240e+03, 6.16844055e+02,
       3.21171753e+03, 7.43748291e+02, 3.19558618e+03, 8.69802307e+02,
       3.14224756e+03, 8.48510437e+01, 3.12829004e+03, 2.22936646e+02,
       3.11215112e+03, 3.58737701e+02, 3.09798975e+03, 4.89526123e+02,
       3.08227100e+03, 6.18581482e+02, 3.06912549e+03, 7.44986267e+02,
       3.05435645e+03, 8.65707520e+02, 2.99632520e+03, 9.96910172e+01,
       2.98140845e+03, 2.36532379e+02, 2.96906348e+03, 3.68225220e+02,
       2.95572339e+03, 4.98146667e+02, 2.94393921e+03, 6.21666687e+02,
       2.93151782e+03, 7.46189453e+02, 2.92037378e+03, 8.64358582e+02,
       2.85340186e+03, 1.15961609e+02, 2.84318213e+03, 2.47549622e+02,
       2.83151587e+03, 3.77285461e+02, 2.82143774e+03, 5.01538696e+02,
       2.81079102e+03, 6.26108521e+02, 2.80086133e+03, 7.45931091e+02,
       2.79106982e+03, 8.62061157e+02, 2.71865161e+03, 1.30222824e+02,
       2.70928931e+03, 2.60734070e+02, 2.70122827e+03, 3.85725281e+02,
       2.69137427e+03, 5.09771942e+02, 2.68297070e+03, 6.30145813e+02,
       2.67512085e+03, 7.46201965e+02, 2.66697705e+03, 8.60556213e+02,
       2.58998877e+03, 1.44559875e+02, 2.58213525e+03, 2.70223358e+02,
       2.57468359e+03, 3.93227264e+02, 2.56946997e+03, 5.14100098e+02,
       2.56206348e+03, 6.30655945e+02, 2.55453369e+03, 7.45906006e+02,
       2.54904321e+03, 8.58155884e+02, 2.46595313e+03, 1.57570724e+02,
       2.46163623e+03, 2.80374725e+02, 2.45441235e+03, 4.01596741e+02,
       2.45023804e+03, 5.18370361e+02, 2.44546875e+03, 6.33818970e+02,
       2.43836108e+03, 7.45761169e+02, 2.43380420e+03, 8.56052612e+02,
       2.34958105e+03, 1.70059875e+02, 2.34579810e+03, 2.90682617e+02,
       2.34104785e+03, 4.08801483e+02, 2.33703223e+03, 5.23305176e+02,
       2.33339917e+03, 6.37850769e+02, 2.33015381e+03, 7.45861572e+02,
       2.32652100e+03, 8.53945618e+02, 2.23380859e+03, 1.82298660e+02,
       2.23341089e+03, 2.99731903e+02, 2.23012769e+03, 4.14624023e+02,
       2.22534180e+03, 5.29620300e+02, 2.22591968e+03, 6.37453064e+02,
