%YAML:1.0
---
cameraMatrix: !!opencv-matrix
   rows: 3
   cols: 3
   dt: d
   data: [ 1.8455620714806078e+03, 0., 1.9409176358979269e+03, 0.,
       1.8450695408155866e+03, 1.0571953426934581e+03, 0., 0., 1. ]
imageSize_width: 3840
imageSize_height: 2160
sensorSize_width: 0
sensorSize_height: 0
distCoeffs: !!opencv-matrix
   rows: 5
   cols: 1
   dt: d
   data: [ 3.0317762128896264e-03, -4.3878857602417031e-03,
       -1.7134469864135261e-03, 2.8807305121867788e-03,
       1.3727919249504985e-03 ]
reprojectionError: 1.3789655268192291e-01
features:
   - [ 3.80540063e+03, 8.31315918e+02, 3.80369482e+03, 8.64833130e+02,
       3.80104028e+03, 8.98469910e+02, 3.79871558e+03, 9.32223022e+02,
       3.79631006e+03, 9.66148987e+02, 3.79415332e+03, 9.99521545e+02,
       3.79165625e+03, 1.03340735e+03, 3.75809717e+03, 8.32290039e+02,
       3.75577710e+03, 8.65531921e+02, 3.75344995e+03, 8.98629944e+02,
       3.75128882e+03, 9.32262085e+02, 3.74904272e+03, 9.65448425e+02,
       3.74675220e+03, 9.98738647e+02, 3.74452295e+03, 1.03211865e+03,
       3.71166357e+03, 8.33315674e+02, 3.70969995e+03, 8.66006348e+02,
       3.70736060e+03, 8.98950378e+02, 3.70521509e+03, 9.31876160e+02,
       3.70284912e+03, 9.64866699e+02, 3.70074438e+03, 9.97838257e+02,
       3.69829541e+03, 1.03076624e+03, 3.66688403e+03, 8.34131897e+02,
       3.66444678e+03, 8.66695923e+02, 3.66232642e+03, 8.99112915e+02,
       3.65991479e+03, 9.31827942e+02, 3.65796045e+03, 9.64380676e+02,
       3.65551025e+03, 9.96940430e+02, 3.65347827e+03, 1.02966858e+03,
       3.62245288e+03, 8.35252136e+02, 3.62048682e+03, 8.67212402e+02,
       3.61808911e+03, 8.99379883e+02, 3.61601563e+03, 9.31620605e+02,
       3.61363916e+03, 9.64021973e+02, 3.61166016e+03, 9.96116821e+02,
       3.60931812e+03, 1.02847461e+03, 3.57927612e+03, 8.36101318e+02,
       3.57678027e+03, 8.67896057e+02, 3.57479761e+03, 8.99562195e+02,
       3.57249707e+03, 9.31541077e+02, 3.57041553e+03, 9.63442078e+02,
       3.56821826e+03, 9.95386963e+02, 3.56608643e+03, 1.02720618e+03,
       3.53674097e+03, 8.36851074e+02, 3.53474170e+03, 8.68335938e+02,
       3.53240137e+03, 8.99702454e+02, 3.53040308e+03, 9.31354553e+02,
       3.52813428e+03, 9.63042480e+02, 3.52612549e+03, 9.94288330e+02,
       3.52388379e+03, 1.02616479e+03, 3.49525000e+03, 8.37794189e+02,
       3.49310425e+03, 8.68931030e+02, 3.49110278e+03, 9.00002930e+02,
       3.48874341e+03, 9.31195618e+02, 3.48664331e+03, 9.62411743e+02,
       3.48446704e+03, 9.93592896e+02, 3.48233911e+03, 1.02484827e+03,
       3.45461279e+03, 8.38599609e+02, 3.45242822e+03, 8.69362366e+02,
       3.45034985e+03, 9.00207275e+02, 3.44824512e+03, 9.30937683e+02,
       3.44616968e+03, 9.61828552e+02, 3.44398657e+03, 9.92571411e+02,
       3.44178369e+03, 1.02387048e+03, 3.41465845e+03, 8.39166931e+02,
       3.41262012e+03, 8.69684937e+02, 3.41073633e+03, 9.00292603e+02,
       3.40841431e+03, 9.30873962e+02, 3.40638159e+03, 9.61385315e+02,
       3.40399438e+03, 9.92020569e+02, 3.40211353e+03, 1.02248993e+03 ]
   - [ 6.56491028e+02, 8.57181946e+02, 6.56330200e+02, 8.85601685e+02,
       6.56010254e+02, 9.14289063e+02, 6.55556152e+02, 9.43211121e+02,
       6.55157715e+02, 9.71611633e+02, 6.55004028e+02, 1.00076117e+03,
       6.54312317e+02, 1.02943848e+03, 6.21472107e+02, 8.54588501e+02,
       6.20819580e+02, 8.83276123e+02, 6.20686218e+02, 9.12374939e+02,
       6.20197083e+02, 9.41435425e+02, 6.19721436e+02, 9.70525330e+02,
       6.19335205e+02, 9.99523804e+02, 6.19080078e+02, 1.02885010e+03,
       5.85366638e+02, 8.52114380e+02, 5.85205444e+02, 8.81214844e+02,
       5.84530701e+02, 9.10335815e+02, 5.84180359e+02, 9.39685852e+02,
       5.83675232e+02, 9.68925537e+02, 5.83337219e+02, 9.98359497e+02,
       5.82898804e+02, 1.02774402e+03, 5.49102478e+02, 8.49449585e+02,
       5.48440063e+02, 8.78939880e+02, 5.48089050e+02, 9.08372070e+02,
       5.47356140e+02, 9.38114441e+02, 5.47169250e+02, 9.67747437e+02,
       5.46510315e+02, 9.97375122e+02, 5.46162720e+02, 1.02717712e+03,
       5.11460419e+02, 8.46825378e+02, 5.11191467e+02, 8.76491699e+02,
       5.10577087e+02, 9.06261902e+02, 5.10204407e+02, 9.36282532e+02,
       5.09585449e+02, 9.66090820e+02, 5.09261932e+02, 9.96159180e+02,
       5.08535675e+02, 1.02623157e+03, 4.73592987e+02, 8.44183594e+02,
       4.72807007e+02, 8.74268188e+02, 4.72435516e+02, 9.04347595e+02,
       4.71766266e+02, 9.34459167e+02, 4.71436920e+02, 9.64717651e+02,
       4.70782135e+02, 9.94885193e+02, 4.70286133e+02, 1.02525134e+03,
       4.34603851e+02, 8.41296997e+02, 4.34102142e+02, 8.71557922e+02,
       4.33390015e+02, 9.01828918e+02, 4.33050262e+02, 9.32500977e+02,
       4.32259247e+02, 9.63157532e+02, 4.31868561e+02, 9.93679321e+02,
       4.31234314e+02, 1.02439258e+03, 3.95020844e+02, 8.38568298e+02,
       3.94423981e+02, 8.69004211e+02, 3.94082123e+02, 9.00066589e+02,
       3.92945038e+02, 9.30623840e+02, 3.92602264e+02, 9.61556641e+02,
       3.91899445e+02, 9.92391846e+02, 3.91306763e+02, 1.02338965e+03,
       3.54500977e+02, 8.35522644e+02, 3.54002533e+02, 8.66605774e+02,
       3.53165131e+02, 8.97486145e+02, 3.52543945e+02, 9.28645874e+02,
       3.51929077e+02, 9.59916077e+02, 3.51224060e+02, 9.91216614e+02,
       3.50650238e+02, 1.02238068e+03, 3.13189789e+02, 8.32610229e+02,
       3.12471680e+02, 8.63827881e+02, 3.12164276e+02, 8.95198181e+02,
       3.10875061e+02, 9.26607788e+02, 3.10393951e+02, 9.58392090e+02,
       3.09515045e+02, 9.89659668e+02, 3.08961090e+02, 1.02153052e+03 ]
   - [ 2.19275488e+03, 1.58451874e+02, 2.19116479e+03, 1.88229599e+02,
       2.18920044e+03, 2.17897705e+02, 2.18747681e+03, 2.47433929e+02,
       2.18550439e+03, 2.76688171e+02, 2.18391602e+03, 3.05578644e+02,
       2.18208618e+03, 3.34365723e+02, 2.16543677e+03, 1.57789139e+02,
       2.16348706e+03, 1.87780014e+02, 2.16200952e+03, 2.17348053e+02,
       2.16018896e+03, 2.46853760e+02, 2.15868237e+03, 2.76176880e+02,
       2.15678809e+03, 3.05081879e+02, 2.15536377e+03, 3.33781311e+02,
       2.13777563e+03, 1.57353561e+02, 2.13650952e+03, 1.87138962e+02,
       2.13468799e+03, 2.16834106e+02, 2.13327002e+03, 2.46243332e+02,
       2.13159766e+03, 2.75645081e+02, 2.13013428e+03, 3.04462250e+02,
       2.12842310e+03, 3.33228790e+02, 2.11069922e+03, 1.56841797e+02,
       2.10901733e+03, 1.86774475e+02, 2.10774219e+03, 2.16296570e+02,
       2.10596899e+03, 2.45799652e+02, 2.10467114e+03, 2.75111481e+02,
       2.10327148e+03, 3.03999573e+02, 2.10194507e+03, 3.32692413e+02,
       2.08304053e+03, 1.56421494e+02, 2.08187109e+03, 1.86168808e+02,
       2.08037671e+03, 2.15660095e+02, 2.07914502e+03, 2.45223343e+02,
       2.07773242e+03, 2.74442841e+02, 2.07653638e+03, 3.03465973e+02,
       2.07512769e+03, 3.32147705e+02, 2.05582397e+03, 1.55874756e+02,
       2.05447607e+03, 1.85657852e+02, 2.05338623e+03, 2.15302505e+02,
       2.05192114e+03, 2.44648254e+02, 2.05092407e+03, 2.73911530e+02,
       2.04956860e+03, 3.02852173e+02, 2.04842505e+03, 3.31609528e+02,
       2.02847705e+03, 1.55395874e+02, 2.02743958e+03, 1.85145767e+02,
       2.02614661e+03, 2.14612442e+02, 2.02517078e+03, 2.44180939e+02,
       2.02395190e+03, 2.73296448e+02, 2.02296130e+03, 3.02306915e+02,
       2.02172778e+03, 3.31150787e+02, 2.00111780e+03, 1.54721771e+02,
       2.00014246e+03, 1.84482254e+02, 1.99927161e+03, 2.14156677e+02,
       1.99805908e+03, 2.43579468e+02, 1.99722595e+03, 2.72714722e+02,
       1.99619055e+03, 3.01547638e+02, 1.99527600e+03, 3.30456116e+02,
       1.97384155e+03, 1.54234665e+02, 1.97304126e+03, 1.84062729e+02,
       1.97217798e+03, 2.13534302e+02, 1.97125867e+03, 2.42957138e+02,
       1.97038391e+03, 2.72194305e+02, 1.96941833e+03, 3.01068909e+02,
       1.96856946e+03, 3.29811920e+02, 1.94659570e+03, 1.53674026e+02,
       1.94568604e+03, 1.83410126e+02, 1.94511377e+03, 2.12981522e+02,
       1.94416785e+03, 2.42457932e+02, 1.94351233e+03, 2.71737640e+02,
