%YAML:1.0
---
cameraMatrix: !!opencv-matrix
   rows: 3
   cols: 3
   dt: d
   data: [ 1.0722658339359234e+03, 0., 1.0011514467339622e+03, 0.,
       1.0832653541170616e+03, 4.8763333248697052e+02, 0., 0., 1. ]
imageSize_width: 1920
imageSize_height: 1080
sensorSize_width: 0
sensorSize_height: 0
distCoeffs: !!opencv-matrix
   rows: 5
   cols: 1
   dt: d
   data: [ -3.5691675652179505e-01, 3.8945079798008950e+00,
       -4.8507229982024990e-03, -1.3890779990701688e-02,
       -2.3975782020126641e+01 ]
reprojectionError: 1.0890994220972061e-01
features:
   - [ 9.68904602e+02, 3.93344818e+02, 9.67601196e+02, 4.18312469e+02,
       9.66301819e+02, 4.43275116e+02, 9.64816467e+02, 4.68142242e+02,
       9.63521973e+02, 4.92663666e+02, 9.62324524e+02, 5.17319885e+02,
       9.60737244e+02, 5.41565857e+02, 9.44118652e+02, 3.91861938e+02,
       9.42630798e+02, 4.16955444e+02, 9.41433716e+02, 4.41745453e+02,
       9.40190613e+02, 4.66819885e+02, 9.38850647e+02, 4.91461060e+02,
       9.37594849e+02, 5.16079590e+02, 9.36457458e+02, 5.40479858e+02,
       9.19105774e+02, 3.90476959e+02, 9.17931091e+02, 4.15466522e+02,
       9.16666809e+02, 4.40421295e+02, 9.15422852e+02, 4.65464264e+02,
       9.14189148e+02, 4.90287384e+02, 9.12927185e+02, 5.14670532e+02,
       9.11726318e+02, 5.39241699e+02, 8.94198364e+02, 3.89147034e+02,
       8.93010803e+02, 4.14261993e+02, 8.91717346e+02, 4.39193451e+02,
       8.90647766e+02, 4.64249146e+02, 8.89572266e+02, 4.88999451e+02,
       8.88434937e+02, 5.13530151e+02, 8.87269470e+02, 5.37954224e+02,
       8.69115234e+02, 3.87633636e+02, 8.68153259e+02, 4.12705963e+02,
       8.66822388e+02, 4.37775604e+02, 8.65653442e+02, 4.62806763e+02,
       8.64603943e+02, 4.87580292e+02, 8.63649536e+02, 5.12243103e+02,
       8.62615723e+02, 5.36554016e+02, 8.43836975e+02, 3.86339508e+02,
       8.42826843e+02, 4.11457855e+02, 8.41778320e+02, 4.36503296e+02,
       8.40812134e+02, 4.61495056e+02, 8.39941345e+02, 4.86421875e+02,
       8.38929077e+02, 5.11001282e+02, 8.37845642e+02, 5.35482483e+02,
       8.18715698e+02, 3.84759186e+02, 8.17729065e+02, 4.09876923e+02,
       8.16751770e+02, 4.35103058e+02, 8.15990234e+02, 4.60285034e+02,
       8.14958984e+02, 4.85210602e+02, 8.14139465e+02, 5.09637817e+02,
       8.13202576e+02, 5.34334717e+02, 7.93468201e+02, 3.83415863e+02,
       7.92669922e+02, 4.08561798e+02, 7.91685791e+02, 4.33713501e+02,
       7.90681274e+02, 4.58761719e+02, 7.89884827e+02, 4.83678589e+02,
       7.89152161e+02, 5.08450012e+02, 7.88392700e+02, 5.33087952e+02,
       7.68287659e+02, 3.82057648e+02, 7.67489685e+02, 4.07273956e+02,
       7.66590393e+02, 4.32387421e+02, 7.65741455e+02, 4.57453918e+02,
       7.65067200e+02, 4.82433075e+02, 7.64349915e+02, 5.07128265e+02,
       7.63489319e+02, 5.31717102e+02, 7.42893616e+02, 3.80532227e+02,
       7.42185303e+02, 4.05725708e+02, 7.41512512e+02, 4.30893097e+02,
       7.40640076e+02, 4.56121521e+02, 7.39815613e+02, 4.81071136e+02,
       7.39273987e+02, 5.05729095e+02, 7.38568970e+02, 5.30528442e+02 ]
